beta:0.001 , ssim:0.2786395816923952
beta:0.01 , ssim:0.2627478649333582
beta:0.1 , ssim:0.26894904183341073
beta:1 , ssim:0.21964509182004235
