beta:0.001 , ssim:0.27948063899877884
beta:0.01 , ssim:0.27577707169986115
beta:0.1 , ssim:0.2798648312491583
beta:1 , ssim:0.2313408776402842
