beta:0.001 , ssim:0.9600684160679194
beta:0.01 , ssim:0.9363447410897675
beta:0.1 , ssim:0.8470115588351709
beta:1 , ssim:0.6050287022792861
