beta:0.001 , fid:45.929885291657996
beta:0.01 , fid:46.10583443240381
beta:0.1 , fid:46.061966493161606
beta:1 , fid:48.60881750006857
