beta:0.001 , fid:45.89860502560458
beta:0.01 , fid:45.55775926215276
beta:0.1 , fid:45.89133429579235
beta:1 , fid:47.712081151601154
