beta:0.001 , fid:6.231048648916271
beta:0.01 , fid:5.243954061118643
beta:0.1 , fid:5.56638162138637
beta:1 , fid:7.83903213653781
