beta:1 , fid:45.6891185142463
beta:30 , fid:45.196496488694606
beta:40 , fid:45.41954778046582
beta:50 , fid:45.168226909743225
