beta:1 , fid:45.825379237768686
beta:30 , fid:45.15687495674672
beta:40 , fid:45.190439631415245
beta:50 , fid:45.19205870773422
