beta:1 , fid:7.463063812121561
beta:30 , fid:6.377080797825329
beta:40 , fid:6.508683772039774
beta:50 , fid:6.185537771535934
