beta:0.1 , ssim:0.28645264592514247
beta:1 , ssim:0.2719841453191187
beta:10 , ssim:0.2723788932816423
beta:30 , ssim:0.23553320605069725
