beta:0.1 , ssim:0.2971475417874929
beta:1 , ssim:0.298307480550739
beta:10 , ssim:0.1859576271343743
beta:30 , ssim:0.1150937271924654
