beta:0.001 , ssim:0.9611360128481254
beta:0.01 , ssim:0.9546926398180567
beta:0.1 , ssim:0.9121113022779056
beta:1 , ssim:0.7962979215306597
