beta:0.1 , fid:45.98142154888987
beta:1 , fid:46.78525082474681
beta:10 , fid:52.91400491209498
beta:30 , fid:56.49590043722756
