beta:0.1 , fid:45.6230396618414
beta:1 , fid:45.633578639172015
beta:10 , fid:45.62193467651687
beta:30 , fid:48.38967677109173
