beta:0.001 , fid:6.7389557528097725
beta:0.01 , fid:5.553990886777683
beta:0.1 , fid:5.415324827993999
beta:1 , fid:6.546997486476272
