beta:1 , ssim:0.21160469700367707
beta:30 , ssim:0.2133550096438326
beta:40 , ssim:0.213643512486985
beta:50 , ssim:0.21077239011279703
