beta:1 , ssim:0.2077165716236094
beta:30 , ssim:0.2020086200668824
beta:40 , ssim:0.2044965908728609
beta:50 , ssim:0.2084195017136099
