beta:1 , ssim:0.8982473231563557
beta:30 , ssim:0.8905791386403258
beta:40 , ssim:0.8935390497616778
beta:50 , ssim:0.8868087072202452
